[Start]700-799
[Start]400-499
[Start]800-899
[Start]300-399
[Start]100-199
[Start]600-699
[Start]900-999
[Start]500-599
[Start]200-299
[Prime]400-499: [401, 409, 419, 421, 431, 433, 439, 443, 449, 457, 461, 463, 467, 479, 487, 491]
[Prime]800-899: [809, 811, 821, 823, 827, 829, 839, 841, 853, 857, 859, 863, 877, 881, 883, 887]
[Prime]700-799: [701, 709, 719, 727, 733, 739, 743, 751, 757, 761, 769, 773, 787, 797]
[Prime]500-599: [503, 509, 521, 523, 529, 541, 547, 557, 563, 569, 571, 577, 587, 593]
[Prime]200-299: [211, 223, 227, 229, 233, 239, 241, 251, 257, 263, 269, 271, 277, 281, 283, 289, 293]
[Prime]300-399: [307, 311, 313, 317, 331, 337, 347, 349, 353, 359, 361, 367, 373, 379, 383, 389, 397]
[Prime]100-199: [101, 103, 107, 109, 113, 121, 127, 131, 137, 139, 149, 151, 157, 163, 167, 169, 173, 179, 181, 191, 193, 197]  
[Prime]900-999: [907, 911, 919, 929, 937, 941, 947, 953, 961, 967, 971, 977, 983, 991, 997]
[Prime]600-699: [601, 607, 613, 617, 619, 631, 641, 643, 647, 653, 659, 661, 673, 677, 683, 691]